---
r1:
  id: 1
  family_id: 1
  person_id: 1
  created_at: 2014-01-20 16:28:05.774359000 Z
  updated_at: 2014-01-20 16:28:05.774359000 Z
r2:
  id: 2
  family_id: 1
  person_id: 2
  created_at: 2014-01-20 16:28:05.785664000 Z
  updated_at: 2014-01-20 16:28:05.785664000 Z
