---
r5:
  id: 5
  family_id: 3
  person_id: 5
  created_at: 2014-01-20 16:28:05.849451000 Z
  updated_at: 2014-01-20 16:28:05.849451000 Z
