---
r23:
  id: 23
  family_id: 15
  person_id: 23
  created_at: 2014-01-20 16:28:06.073711000 Z
  updated_at: 2014-01-20 16:28:06.073711000 Z
