---
r34:
  id: 34
  family_id: 34
  rsvp_code: FHRQERY
  total_invited: 4
  created_at: 2014-01-20 16:28:06.426770000 Z
  updated_at: 2014-01-20 16:28:06.426770000 Z
