---
r52:
  id: 52
  family_id: 34
  person_id: 52
  created_at: 2014-01-20 16:28:06.420992000 Z
  updated_at: 2014-01-20 16:28:06.420992000 Z
r53:
  id: 53
  family_id: 34
  person_id: 53
  created_at: 2014-01-20 16:28:06.424469000 Z
  updated_at: 2014-01-20 16:28:06.424469000 Z
